1.000000000000000000e+00 7.539657642680276846e-05 1.369001095413762581e+00 -2.215607445556928414e-13 -5.735791120898789481e-14 3.547336843548719587e-01 9.078112143235253300e-05 1.107312694202327616e-16 -3.752318231987278960e-06 0.000000000000000000e+00 0.000000000000000000e+00 0.000000000000000000e+00 0.000000000000000000e+00 0.000000000000000000e+00 0.000000000000000000e+00 0.000000000000000000e+00
1.000000000000000000e+00 7.835949418486260393e-17 -2.216973399250693249e-13 -1.369001100184709330e+00 -3.547336855911128461e-01 -5.741718721606958710e-14 2.528648925810152261e-17 -1.554621891229952196e-16 -4.749584737170280887e-17 0.000000000000000000e+00 0.000000000000000000e+00 0.000000000000000000e+00 0.000000000000000000e+00 -0.000000000000000000e+00 0.000000000000000000e+00 0.000000000000000000e+00
1.000000000000000000e+00 1.234475661995954265e+00 -8.362510899301090546e-05 -4.043297979524952911e-16 -1.588554906962056719e-16 -2.166882343421593416e-05 3.451821784116606562e-01 8.224343821603610989e-16 5.974270634846848838e-01 0.000000000000000000e+00 0.000000000000000000e+00 0.000000000000000000e+00 0.000000000000000000e+00 0.000000000000000000e+00 0.000000000000000000e+00 0.000000000000000000e+00
1.000000000000000000e+00 1.946655832225006291e-04 7.790830506860899226e-05 -4.601353919386183754e-17 -1.629311476081012471e-17 2.018749305010875844e-05 -1.224690452545396324e+00 -2.727133948603523409e-12 7.072009976465134518e-01 0.000000000000000000e+00 0.000000000000000000e+00 0.000000000000000000e+00 0.000000000000000000e+00 0.000000000000000000e+00 0.000000000000000000e+00 0.000000000000000000e+00
1.000000000000000000e+00 3.144670257730108686e-16 -1.602685255939948163e-16 9.464379561437355307e-17 1.306072698139740899e-16 -1.395370118131914327e-16 2.361849786696684797e-12 -1.414213562373094923e+00 -1.363651003495370345e-12 0.000000000000000000e+00 0.000000000000000000e+00 0.000000000000000000e+00 0.000000000000000000e+00 -0.000000000000000000e+00 0.000000000000000000e+00 0.000000000000000000e+00
1.000000000000000000e+00 -1.072787753085561457e-01 -3.432703091209149404e-01 -1.192408233456976677e-02 4.601785084920086144e-02 1.324761222110028669e+00 9.596901450472926365e-02 -3.469446951953614189e-17 1.662232090745052460e-01 0.000000000000000000e+00 0.000000000000000000e+00 0.000000000000000000e+00 0.000000000000000000e+00 0.000000000000000000e+00 0.000000000000000000e+00 0.000000000000000000e+00
1.000000000000000000e+00 -5.473952214702598740e-02 3.952808391442946823e-02 -3.220418107262725815e-01 1.242835431473295671e+00 -1.525482145200681705e-01 4.896866113357731948e-02 2.151057110211240797e-16 8.481620906197955001e-02 0.000000000000000000e+00 0.000000000000000000e+00 0.000000000000000000e+00 0.000000000000000000e+00 0.000000000000000000e+00 0.000000000000000000e+00 0.000000000000000000e+00
1.000000000000000000e+00 -6.256166938371967579e-01 3.887262024161151908e-02 1.258360011006766886e-02 -4.856308575899903612e-02 -1.500186253503123790e-01 5.596616608697806416e-01 -1.643650493488024722e-16 9.693624316748430392e-01 0.000000000000000000e+00 0.000000000000000000e+00 0.000000000000000000e+00 0.000000000000000000e+00 0.000000000000000000e+00 0.000000000000000000e+00 0.000000000000000000e+00
1.000000000000000000e+00 -7.905703024283419755e-02 2.412139816246039459e-02 9.597516712800029104e-02 -3.703908445280603146e-01 -9.309017430181416863e-02 7.072251953150554549e-02 -1.318389841742373392e-16 1.224949970678498312e-01 0.000000000000000000e+00 0.000000000000000000e+00 0.000000000000000000e+00 0.000000000000000000e+00 0.000000000000000000e+00 0.000000000000000000e+00 0.000000000000000000e+00
1.000000000000000000e+00 -1.898751928492001251e-01 1.880471152455466533e-02 -2.404537707742121500e-02 9.279679097431225987e-02 -7.257182447410746862e-02 1.698577848621261321e-01 -5.551115123125782702e-17 2.942023134423065178e-01 0.000000000000000000e+00 0.000000000000000000e+00 0.000000000000000000e+00 0.000000000000000000e+00 0.000000000000000000e+00 0.000000000000000000e+00 0.000000000000000000e+00
1.000000000000000000e+00 -4.144146777515826663e-02 -1.092517558003688882e-02 -5.155261036852754053e-02 1.989537029569204418e-01 4.216283368707604562e-02 3.707254124194137024e-02 -2.220446049250313081e-16 6.421152499673532521e-02 0.000000000000000000e+00 0.000000000000000000e+00 0.000000000000000000e+00 0.000000000000000000e+00 0.000000000000000000e+00 0.000000000000000000e+00 0.000000000000000000e+00
1.000000000000000000e+00 -1.255183031855583442e-01 4.029415025855942467e-02 6.889871996177876490e-02 -2.658964379766146635e-01 -1.555046455288144058e-01 1.122856578514935255e-01 2.359223927328457648e-16 1.944844643600823764e-01 0.000000000000000000e+00 0.000000000000000000e+00 0.000000000000000000e+00 0.000000000000000000e+00 0.000000000000000000e+00 0.000000000000000000e+00 0.000000000000000000e+00
1.000000000000000000e+00 4.003281705940513191e-02 -3.541276616283700607e-02 -6.470448493798647283e-02 2.497098941122030402e-01 1.366662310536491398e-01 -3.581239616120761998e-02 -2.914335439641035919e-16 -6.202888969199685243e-02 0.000000000000000000e+00 0.000000000000000000e+00 0.000000000000000000e+00 0.000000000000000000e+00 0.000000000000000000e+00 0.000000000000000000e+00 0.000000000000000000e+00
1.000000000000000000e+00 -3.128166321569758601e-02 -3.149003009654466334e-02 -2.044279624399172879e-02 7.889358041157426560e-02 1.215274658091258786e-01 2.798382422100509359e-02 -9.020562075079396891e-17 4.846940534085736330e-02 0.000000000000000000e+00 0.000000000000000000e+00 0.000000000000000000e+00 0.000000000000000000e+00 0.000000000000000000e+00 0.000000000000000000e+00 0.000000000000000000e+00
1.000000000000000000e+00 -8.838770482558022668e-02 -1.951797263603977095e-03 -5.082588351288108708e-03 1.961490923283709664e-02 7.532446761459414553e-03 7.906951679909104969e-02 0.000000000000000000e+00 1.369524204259471301e-01 0.000000000000000000e+00 0.000000000000000000e+00 0.000000000000000000e+00 0.000000000000000000e+00 0.000000000000000000e+00 0.000000000000000000e+00 0.000000000000000000e+00
