1.000000000000000000e+00 1.295732939932471850e-01 2.613138967128003642e-05 0.000000000000000000e+00 -8.326672684688674053e-17 6.771129816063314877e-06 3.621950922867278599e-02 0.000000000000000000e+00 6.271394797280005484e-02 0.000000000000000000e+00 0.000000000000000000e+00 0.000000000000000000e+00 0.000000000000000000e+00 0.000000000000000000e+00 0.000000000000000000e+00 0.000000000000000000e+00
1.000000000000000000e+00 2.473337611940441895e-06 -1.369001097718103299e+00 1.949074707180889336e-11 5.050572174039878780e-12 -3.547336849519696633e-01 -6.901333758134261154e-05 2.609560279724729842e-16 4.144113607057585972e-05 0.000000000000000000e+00 0.000000000000000000e+00 0.000000000000000000e+00 -4.235164736271501695e-22 0.000000000000000000e+00 0.000000000000000000e+00 4.235164736271501695e-22
1.000000000000000000e+00 4.689112939821525198e-16 -1.949062571931006416e-11 -1.369001100184709996e+00 -3.547336855911132347e-01 -5.049998505110020146e-12 -3.016585495211172146e-15 1.011213835444475510e-16 1.541421402788173504e-15 0.000000000000000000e+00 0.000000000000000000e+00 0.000000000000000000e+00 -3.176373552203626272e-22 0.000000000000000000e+00 1.058791184067875424e-22 2.117582368135750848e-22
1.000000000000000000e+00 -9.198481247411487919e-07 -7.791485674319071405e-05 -2.049364663904494448e-15 -5.329903998620849626e-16 -2.018919071084042285e-05 1.224744612314545567e+00 -5.698815576813602395e-12 -7.071072252690091542e-01 0.000000000000000000e+00 0.000000000000000000e+00 0.000000000000000000e+00 -1.065836380606663067e-16 0.000000000000000000e+00 1.065832145441926795e-16 8.470329472543003391e-22
1.000000000000000000e+00 -8.239818602006093897e-16 2.052102905546601648e-16 -3.417224424999956250e-16 2.849065991308922190e-17 -4.027781476344865331e-16 -4.935294858226669084e-12 -1.414213562373095145e+00 2.849390409769564923e-12 0.000000000000000000e+00 0.000000000000000000e+00 0.000000000000000000e+00 -9.141717031895059564e-17 0.000000000000000000e+00 9.141722325850979903e-17 2.646977960169688560e-22
1.000000000000000000e+00 1.365905098723843303e-01 5.669854749263224247e-02 -2.994561149522678711e-03 1.155671895505258617e-02 -2.188130900704995385e-01 1.167836604661526279e-02 8.049116928532384918e-16 2.022752334212721270e-02 0.000000000000000000e+00 0.000000000000000000e+00 0.000000000000000000e+00 -1.421366942322393190e-01 0.000000000000000000e+00 1.421367133736144150e-01 5.610648878828783381e-08
1.000000000000000000e+00 -2.284047753834226868e-01 2.644258151932848966e-02 -4.953577164665712296e-03 1.911702458416628114e-02 -1.020481692663686712e-01 8.109812289675598362e-02 -6.938893903907228378e-17 1.404660692556454760e-01 0.000000000000000000e+00 0.000000000000000000e+00 0.000000000000000000e+00 3.537333496834019764e-01 0.000000000000000000e+00 -3.537333721614651649e-01 -1.129595455229281953e-07
1.000000000000000000e+00 -1.951877069476651294e-01 8.356240227203720616e-02 1.526029804729797656e-01 -5.889309548114950443e-01 -3.224870523752764728e-01 1.879318441687699917e-02 -1.110223024625156540e-16 3.255075024604188461e-02 0.000000000000000000e+00 0.000000000000000000e+00 0.000000000000000000e+00 -1.531201728161148412e-01 0.000000000000000000e+00 1.531201975621283018e-01 -1.507408197432003050e-07
1.000000000000000000e+00 8.589808332184367679e-02 1.475816729932546145e-01 1.008847476613007610e-02 -3.893380757173800499e-02 -5.695525429399117545e-01 -1.807113719956024434e-02 0.000000000000000000e+00 -3.130012778018624597e-02 0.000000000000000000e+00 0.000000000000000000e+00 0.000000000000000000e+00 2.669921708012420458e-01 0.000000000000000000e+00 -2.669921839872013702e-01 -1.730226750484842313e-07
1.000000000000000000e+00 -7.418283833366601243e-02 6.467313824490703023e-02 1.337681923943652151e-01 -5.162430578095456024e-01 -2.495889198178079804e-01 2.728166140553522911e-01 2.498001805406602216e-16 4.725322366927788842e-01 0.000000000000000000e+00 0.000000000000000000e+00 0.000000000000000000e+00 5.173146179236960684e-02 0.000000000000000000e+00 -5.173145787240037569e-02 1.599227027505867316e-07
1.000000000000000000e+00 1.215033823535491830e-01 -2.375227264902081414e-01 6.684680236140952414e-03 -2.579776031816721771e-02 9.166563173782578122e-01 1.389613664049203501e-01 -2.220446049250313081e-16 2.406881469025168585e-01 0.000000000000000000e+00 0.000000000000000000e+00 0.000000000000000000e+00 3.958418524944840033e-02 0.000000000000000000e+00 -3.958417831600814785e-02 -7.647882026631802610e-08
1.000000000000000000e+00 -4.239912204349611802e-01 -7.670207087210950681e-02 5.232243874691566710e-04 -2.019246525446050100e-03 2.960114127176479704e-01 -2.985570080100773405e-01 2.775557561562891351e-17 -5.171159068292009442e-01 0.000000000000000000e+00 0.000000000000000000e+00 0.000000000000000000e+00 1.396097092151527275e-01 0.000000000000000000e+00 -1.396096939954427629e-01 2.878562576358323355e-07
1.000000000000000000e+00 -8.449768383269321004e-02 6.711499721558794596e-02 1.220297935703739678e-01 -4.709418034962635224e-01 -2.590126304862413464e-01 1.010503079733947596e-01 1.110223024625156540e-16 1.750242675304037321e-01 2.775557561562891351e-17 0.000000000000000000e+00 0.000000000000000000e+00 6.167386221888823683e-05 0.000000000000000000e+00 -6.170143823184398579e-05 1.829749446957684711e-07
1.000000000000000000e+00 -6.320836536646869952e-01 7.394439262905483368e-02 -2.201280931742617686e-01 8.495263178487274525e-01 -2.853688808633464968e-01 3.432744881158810157e-01 6.383782391594650107e-16 5.945688543589043862e-01 -5.551115123125782702e-17 0.000000000000000000e+00 0.000000000000000000e+00 -9.351655012072146445e-02 0.000000000000000000e+00 9.351665447553599020e-02 2.882534494985655726e-07
1.000000000000000000e+00 8.450373031305304927e-01 5.855692388438388241e-02 -8.560032450823981676e-02 3.303518757534208428e-01 -2.259850036163642550e-01 -6.981404113461217587e-02 -9.228728892196613742e-16 -1.209214663268513845e-01 1.942890293094023946e-16 0.000000000000000000e+00 0.000000000000000000e+00 -3.302775817078391907e-02 0.000000000000000000e+00 3.302786703981593075e-02 9.836396337725705763e-08
