1.000000000000000000e+00 7.539657642640394469e-05 1.369001095413762803e+00 -8.894608686932686833e-13 -2.304413005907521267e-13 3.547336843548722363e-01 9.078112143224580685e-05 8.880717904908706956e-17 -3.752318231994029389e-06 0.000000000000000000e+00 0.000000000000000000e+00 0.000000000000000000e+00 0.000000000000000000e+00 0.000000000000000000e+00 0.000000000000000000e+00 0.000000000000000000e+00
1.000000000000000000e+00 -3.489280936184940078e-16 -8.895757605026001586e-13 -1.369001100184709996e+00 -3.547336855911129572e-01 -2.304929228686223177e-13 -2.719718065040761527e-16 -1.289495464276349470e-16 5.812727127483528203e-17 0.000000000000000000e+00 0.000000000000000000e+00 0.000000000000000000e+00 0.000000000000000000e+00 0.000000000000000000e+00 0.000000000000000000e+00 0.000000000000000000e+00
1.000000000000000000e+00 1.234475661995954709e+00 -8.362510899304996385e-05 4.946097540743082217e-16 8.352189725817223946e-17 -2.166882343420970677e-05 3.451821784116608227e-01 -4.204971059068853513e-16 5.974270634846843286e-01 0.000000000000000000e+00 0.000000000000000000e+00 0.000000000000000000e+00 0.000000000000000000e+00 0.000000000000000000e+00 0.000000000000000000e+00 0.000000000000000000e+00
1.000000000000000000e+00 1.946655832226907711e-04 7.790830506843748502e-05 -1.744140852585296001e-16 1.106354993054520070e-16 2.018749304984288496e-05 -1.224690452545396102e+00 -5.427135789048700845e-12 7.072009976465136738e-01 0.000000000000000000e+00 0.000000000000000000e+00 0.000000000000000000e+00 0.000000000000000000e+00 0.000000000000000000e+00 0.000000000000000000e+00 0.000000000000000000e+00
1.000000000000000000e+00 9.288243021660199470e-16 2.414664780023022020e-16 1.927832828440453637e-16 -2.090471167995076298e-16 9.642565779000316744e-17 -4.699572017919529336e-12 1.414213562373094923e+00 2.714164731341294732e-12 0.000000000000000000e+00 0.000000000000000000e+00 0.000000000000000000e+00 0.000000000000000000e+00 -0.000000000000000000e+00 0.000000000000000000e+00 0.000000000000000000e+00
1.000000000000000000e+00 7.113065665153246731e-02 -1.483489057897889422e-02 -3.346307180606122866e-01 1.291418999064616990e+00 5.725134755640649831e-02 -6.363177618580964645e-02 2.431323371798743693e-16 -1.102134693296739909e-01 0.000000000000000000e+00 0.000000000000000000e+00 0.000000000000000000e+00 0.000000000000000000e+00 0.000000000000000000e+00 0.000000000000000000e+00 0.000000000000000000e+00
1.000000000000000000e+00 2.834530451739924461e-01 2.832167970536892954e-01 7.481936687598958469e-04 -2.887456131989762052e-03 -1.093000531120135621e+00 -2.535702828958649735e-01 1.144917494144692682e-16 -4.391966132652515564e-01 0.000000000000000000e+00 0.000000000000000000e+00 0.000000000000000000e+00 0.000000000000000000e+00 0.000000000000000000e+00 0.000000000000000000e+00 0.000000000000000000e+00
1.000000000000000000e+00 -4.001564956498531167e-01 1.047614282029778326e-01 -4.335681379464113167e-02 1.673241876831058073e-01 -4.042991018115793533e-01 3.579703853323114027e-01 -2.775557561562891351e-17 6.200228950005723938e-01 0.000000000000000000e+00 0.000000000000000000e+00 0.000000000000000000e+00 0.000000000000000000e+00 0.000000000000000000e+00 0.000000000000000000e+00 0.000000000000000000e+00
1.000000000000000000e+00 -2.278107573153766996e-01 6.859688280075819378e-02 -8.565362411710911172e-02 3.305575715363288647e-01 -2.647315770617985620e-01 2.037940292499686168e-01 0.000000000000000000e+00 3.529816129401235347e-01 0.000000000000000000e+00 0.000000000000000000e+00 0.000000000000000000e+00 0.000000000000000000e+00 0.000000000000000000e+00 0.000000000000000000e+00 0.000000000000000000e+00
1.000000000000000000e+00 -1.383325943156051840e-01 -1.755764624523140083e-02 1.981092154660696672e-02 -7.645502667102049843e-02 6.775910493620701525e-02 1.237490147717252020e-01 -5.551115123125782702e-17 2.143395809712197730e-01 0.000000000000000000e+00 0.000000000000000000e+00 0.000000000000000000e+00 0.000000000000000000e+00 0.000000000000000000e+00 0.000000000000000000e+00 0.000000000000000000e+00
1.000000000000000000e+00 2.156188986276518227e-01 -1.345888627496901191e-01 -2.319021080824837377e-02 8.949650230455230560e-02 5.194102185979443398e-01 -1.928874854357185420e-01 -4.163336342344337027e-17 -3.340909249188662722e-01 0.000000000000000000e+00 0.000000000000000000e+00 0.000000000000000000e+00 0.000000000000000000e+00 0.000000000000000000e+00 0.000000000000000000e+00 0.000000000000000000e+00
1.000000000000000000e+00 2.140065462235816729e-01 1.186070964101049174e-02 -4.930524434078586982e-02 1.902805865051540590e-01 -4.577328065266059176e-02 -1.914451137195245234e-01 5.100087019371812858e-16 -3.315926638230182744e-01 0.000000000000000000e+00 0.000000000000000000e+00 0.000000000000000000e+00 0.000000000000000000e+00 0.000000000000000000e+00 0.000000000000000000e+00 0.000000000000000000e+00
1.000000000000000000e+00 2.104629286582958281e-01 4.676018050321256725e-02 3.157918287389571699e-02 -1.218715274396836717e-01 -1.804585838727495173e-01 -1.882750785980015773e-01 1.665334536937734811e-16 -3.261020019307624418e-01 0.000000000000000000e+00 0.000000000000000000e+00 0.000000000000000000e+00 0.000000000000000000e+00 0.000000000000000000e+00 0.000000000000000000e+00 0.000000000000000000e+00
1.000000000000000000e+00 -4.724104641595756188e-02 9.223671359661181346e-02 1.564782552016530381e-02 -6.038865555411961766e-02 -3.559632691233396984e-01 4.226070493135122841e-02 -5.551115123125782702e-17 7.319768810477680909e-02 0.000000000000000000e+00 0.000000000000000000e+00 0.000000000000000000e+00 0.000000000000000000e+00 0.000000000000000000e+00 0.000000000000000000e+00 0.000000000000000000e+00
1.000000000000000000e+00 1.438369088200009971e-01 -2.159711196416808088e-02 -6.163518382811941643e-03 2.378647359925262217e-02 8.334835748820995649e-02 -1.286730422598434953e-01 -1.110223024625156540e-16 -2.228682467585058891e-01 0.000000000000000000e+00 0.000000000000000000e+00 0.000000000000000000e+00 0.000000000000000000e+00 0.000000000000000000e+00 0.000000000000000000e+00 0.000000000000000000e+00
