1.000000000000000000e+00 7.539657642657520797e-05 1.369001095413762581e+00 -6.130539746537055727e-12 -1.588520618857412042e-12 3.547336843548718477e-01 9.078112143248679789e-05 -1.926092302649102930e-16 -3.752318232022362641e-06 0.000000000000000000e+00 0.000000000000000000e+00 0.000000000000000000e+00 0.000000000000000000e+00 0.000000000000000000e+00 0.000000000000000000e+00 0.000000000000000000e+00
1.000000000000000000e+00 4.146677089059900551e-16 6.130628446628561279e-12 1.369001100184709108e+00 3.547336855911128461e-01 1.588518723106194072e-12 5.279249928877846899e-16 -1.248919986288063911e-16 1.010672881871124461e-16 0.000000000000000000e+00 0.000000000000000000e+00 0.000000000000000000e+00 0.000000000000000000e+00 0.000000000000000000e+00 0.000000000000000000e+00 0.000000000000000000e+00
1.000000000000000000e+00 1.234475661995955154e+00 -8.362510899349555739e-05 -2.232561908857023561e-16 -1.253503547549653971e-16 -2.166882343424700671e-05 3.451821784116614888e-01 -4.569773167189815281e-16 5.974270634846844397e-01 0.000000000000000000e+00 0.000000000000000000e+00 0.000000000000000000e+00 0.000000000000000000e+00 0.000000000000000000e+00 0.000000000000000000e+00 0.000000000000000000e+00
1.000000000000000000e+00 1.946655832230627067e-04 7.790830506864500132e-05 4.530397673927067857e-17 2.052739666208129988e-18 2.018749305007500587e-05 -1.224690452545396102e+00 3.723677815101860359e-12 7.072009976465137848e-01 0.000000000000000000e+00 0.000000000000000000e+00 0.000000000000000000e+00 0.000000000000000000e+00 0.000000000000000000e+00 0.000000000000000000e+00 0.000000000000000000e+00
1.000000000000000000e+00 1.982797931329411937e-16 1.128791831054467229e-16 -8.520624775408178647e-17 -1.641804282711715962e-16 -2.370756245013075248e-16 -3.224542770345385119e-12 -1.414213562373095368e+00 1.861506383940087422e-12 0.000000000000000000e+00 0.000000000000000000e+00 0.000000000000000000e+00 0.000000000000000000e+00 -0.000000000000000000e+00 0.000000000000000000e+00 0.000000000000000000e+00
1.000000000000000000e+00 5.953568408944304169e-01 -8.262181873067522830e-02 -1.148135647376944679e-01 4.430926715632159674e-01 3.188571182719099895e-01 -5.325919235650552475e-01 1.040834085586084257e-16 -9.224762713155159055e-01 0.000000000000000000e+00 0.000000000000000000e+00 0.000000000000000000e+00 0.000000000000000000e+00 0.000000000000000000e+00 0.000000000000000000e+00 0.000000000000000000e+00
1.000000000000000000e+00 5.857330103296227997e-02 3.016745005230774268e-01 -7.101407670011694595e-02 2.740600993927624907e-01 -1.164233169527084222e+00 -5.239826760003940542e-02 2.508843827131457260e-16 -9.075646171185820787e-02 0.000000000000000000e+00 0.000000000000000000e+00 0.000000000000000000e+00 0.000000000000000000e+00 0.000000000000000000e+00 0.000000000000000000e+00 0.000000000000000000e+00
1.000000000000000000e+00 -2.022043514438821854e-01 -4.107841019091389850e-02 -2.978271951182570598e-01 1.149385509026026764e+00 1.585312898928387948e-01 1.808871538738526519e-01 -2.359223927328457648e-16 3.133057409460423548e-01 0.000000000000000000e+00 0.000000000000000000e+00 0.000000000000000000e+00 0.000000000000000000e+00 0.000000000000000000e+00 0.000000000000000000e+00 0.000000000000000000e+00
1.000000000000000000e+00 2.052607734668667194e-01 3.998048353478425576e-02 1.109468271281399687e-02 -4.281700175931402175e-02 -1.542941315365381205e-01 -1.836213555704392375e-01 1.942890293094023946e-16 -3.180415172026710979e-01 0.000000000000000000e+00 0.000000000000000000e+00 0.000000000000000000e+00 0.000000000000000000e+00 0.000000000000000000e+00 0.000000000000000000e+00 0.000000000000000000e+00
1.000000000000000000e+00 -2.121420427456070790e-02 -1.054601238321209444e-01 5.758452901261562618e-03 -2.222323020733857346e-02 4.069955333145453547e-01 1.897771737117551205e-02 5.551115123125782702e-17 3.287037069855808236e-02 0.000000000000000000e+00 0.000000000000000000e+00 0.000000000000000000e+00 0.000000000000000000e+00 0.000000000000000000e+00 0.000000000000000000e+00 0.000000000000000000e+00
1.000000000000000000e+00 9.465277267932856176e-02 5.895869850360090092e-02 1.017411770768117951e-01 -3.926432391672816102e-01 -2.275355467930509357e-01 -8.467409595279787315e-02 9.714451465470119729e-17 -1.466598362752079276e-01 0.000000000000000000e+00 0.000000000000000000e+00 0.000000000000000000e+00 0.000000000000000000e+00 0.000000000000000000e+00 0.000000000000000000e+00 0.000000000000000000e+00
1.000000000000000000e+00 -1.476191079960644248e-01 -1.351088253722147747e-02 -2.826543479301493744e-02 1.090829907071167032e-01 5.214168772018623610e-02 1.320565067573025164e-01 -1.387778780781445676e-17 2.287285791737107277e-01 0.000000000000000000e+00 0.000000000000000000e+00 0.000000000000000000e+00 0.000000000000000000e+00 0.000000000000000000e+00 0.000000000000000000e+00 0.000000000000000000e+00
1.000000000000000000e+00 5.215318989256939597e-02 5.626177288879588567e-02 -7.130221210356935124e-02 2.751720819880193458e-01 -2.171274736842569997e-01 -4.665499044775804627e-02 -5.551115123125782702e-17 -8.080881388215765959e-02 0.000000000000000000e+00 0.000000000000000000e+00 0.000000000000000000e+00 0.000000000000000000e+00 0.000000000000000000e+00 0.000000000000000000e+00 0.000000000000000000e+00
1.000000000000000000e+00 1.711522130836222455e-02 7.627635780572217250e-02 -4.316752150979166758e-02 1.665936640346862563e-01 -2.943684854177607280e-01 -1.531086570730896823e-02 1.110223024625156540e-16 -2.651919731292280008e-02 0.000000000000000000e+00 0.000000000000000000e+00 0.000000000000000000e+00 0.000000000000000000e+00 0.000000000000000000e+00 0.000000000000000000e+00 0.000000000000000000e+00
1.000000000000000000e+00 3.093759846391144763e-02 3.085877518303331568e-02 2.561057902909732314e-02 -9.883727509209522255e-02 -1.190913039609662327e-01 -2.767603216186054205e-02 5.551115123125782702e-17 -4.793629385625267081e-02 0.000000000000000000e+00 0.000000000000000000e+00 0.000000000000000000e+00 0.000000000000000000e+00 0.000000000000000000e+00 0.000000000000000000e+00 0.000000000000000000e+00
