1.000000000000000000e+00 1.295732939932471850e-01 2.613138967128003642e-05 -8.326672684688674053e-17 -2.775557561562891351e-17 6.771129816118826028e-06 3.621950922867270273e-02 5.551115123125782702e-17 6.271394797280013811e-02 0.000000000000000000e+00 0.000000000000000000e+00 0.000000000000000000e+00 0.000000000000000000e+00 0.000000000000000000e+00 0.000000000000000000e+00 0.000000000000000000e+00
1.000000000000000000e+00 2.473337612303825382e-06 -1.369001097718103299e+00 4.418191607467397914e-12 1.144891761707271570e-12 -3.547336849519696633e-01 -6.901333758080083571e-05 -6.311666006465418977e-18 4.144113606985163977e-05 0.000000000000000000e+00 0.000000000000000000e+00 0.000000000000000000e+00 4.235164736271501695e-22 0.000000000000000000e+00 -4.235164736271501695e-22 0.000000000000000000e+00
1.000000000000000000e+00 -5.124948620914075056e-16 -4.418085160082151315e-12 -1.369001100184710218e+00 -3.547336855911130682e-01 -1.144754293007243306e-12 -3.294133966272314529e-16 -1.967277528918293112e-16 1.467857192926889924e-16 0.000000000000000000e+00 0.000000000000000000e+00 0.000000000000000000e+00 -2.117582368135750848e-22 0.000000000000000000e+00 2.117582368135750848e-22 0.000000000000000000e+00
1.000000000000000000e+00 -9.198481251627666412e-07 -7.791485674223806626e-05 -2.315512792085399479e-16 3.206400870183791219e-16 -2.018919071097267858e-05 1.224744612314545567e+00 2.637450760372043817e-12 -7.071072252690084881e-01 0.000000000000000000e+00 0.000000000000000000e+00 0.000000000000000000e+00 1.905210032435416395e-17 0.000000000000000000e+00 -1.905210032435416395e-17 0.000000000000000000e+00
1.000000000000000000e+00 -4.162370621410149133e-16 1.147104850992988089e-16 -3.980061109032205353e-16 -2.473641251315419022e-16 5.103422738928421114e-16 2.284247216744040461e-12 -1.414213562373094923e+00 -1.318778214881898824e-12 0.000000000000000000e+00 0.000000000000000000e+00 0.000000000000000000e+00 -4.076065851228818044e-18 0.000000000000000000e+00 4.076065851228818044e-18 0.000000000000000000e+00
1.000000000000000000e+00 1.563629438533938043e-01 1.333262015510380816e-02 7.008431768793393912e-02 -2.704719397048443441e-01 -5.145373107227493858e-02 -1.164903142608508524e-01 2.220446049250313081e-16 -2.017671428894586005e-01 0.000000000000000000e+00 0.000000000000000000e+00 0.000000000000000000e+00 3.653057405807444424e-02 0.000000000000000000e+00 -3.653057405807444424e-02 0.000000000000000000e+00
1.000000000000000000e+00 7.272571623810229757e-02 4.115879459615005842e-02 -8.928270706754168340e-02 3.445630600298300594e-01 -1.588415123038368071e-01 1.284904971201311363e-01 6.938893903907228378e-18 2.225520693018491203e-01 0.000000000000000000e+00 0.000000000000000000e+00 0.000000000000000000e+00 8.029777881593332112e-02 0.000000000000000000e+00 -8.029777881593332112e-02 0.000000000000000000e+00
1.000000000000000000e+00 -1.971668198382662551e-01 -3.229700684407210698e-02 6.723953894000228582e-02 -2.594932664243184139e-01 1.246417797298583624e-01 -4.694410544137806590e-02 5.273559366969493567e-16 -8.130957574033866042e-02 0.000000000000000000e+00 0.000000000000000000e+00 0.000000000000000000e+00 -8.875732272488788543e-02 0.000000000000000000e+00 8.875732272488791319e-02 1.387778780781445676e-17
1.000000000000000000e+00 6.436279335640835431e-01 -1.317486659658987647e-01 6.018405226051369572e-03 -2.322644764365149050e-02 5.084492281995516283e-01 -3.669849764815242832e-01 -1.665334536937734811e-16 -6.356366248804703467e-01 0.000000000000000000e+00 0.000000000000000000e+00 0.000000000000000000e+00 5.707065835536054288e-04 0.000000000000000000e+00 -5.707065835535984899e-04 0.000000000000000000e+00
1.000000000000000000e+00 1.520839265346919655e-02 2.188456758937616306e-02 -8.227205743153630235e-02 3.175073067857929754e-01 -8.445771665862146504e-02 -6.916299442377210616e-02 8.326672684688674053e-17 -1.197938203455756745e-01 0.000000000000000000e+00 0.000000000000000000e+00 0.000000000000000000e+00 -4.898696961835851127e-01 0.000000000000000000e+00 4.898696961835850572e-01 0.000000000000000000e+00
1.000000000000000000e+00 9.424125381716681460e-01 9.247309682327550795e-02 -6.356888094358059682e-02 2.453273300060490880e-01 -3.568755278416733678e-01 2.490833285392305418e-01 -2.775557561562891351e-17 4.314249803483184431e-01 0.000000000000000000e+00 0.000000000000000000e+00 0.000000000000000000e+00 -2.501066067140979982e-02 0.000000000000000000e+00 2.501066067140981369e-02 0.000000000000000000e+00
1.000000000000000000e+00 -5.812037918904278122e-01 -5.967039473987217901e-02 -1.697098982091965746e-01 6.549505919447022873e-01 2.302821507103788023e-01 1.582725478251801460e-02 3.053113317719180486e-16 2.741360942765953823e-02 -2.775557561562891351e-17 0.000000000000000000e+00 0.000000000000000000e+00 8.249602497238842091e-02 0.000000000000000000e+00 -8.249602497238839316e-02 -1.110223024625156540e-16
1.000000000000000000e+00 -4.977485144603402412e-02 7.137081723977636849e-02 6.990689052088311373e-02 -2.697872063491981720e-01 -2.754368454169258129e-01 8.017117611178548042e-02 6.938893903907228378e-18 1.388605503281648001e-01 0.000000000000000000e+00 0.000000000000000000e+00 0.000000000000000000e+00 2.789103959752468193e-02 0.000000000000000000e+00 -2.789103959752470968e-02 0.000000000000000000e+00
1.000000000000000000e+00 4.537035262060695739e-01 -1.300346351237157971e-01 -5.866050428780793247e-02 2.263847448645309457e-01 5.018343782317792323e-01 -1.080675986377430953e-01 2.498001805406602216e-16 -1.871785714925320310e-01 0.000000000000000000e+00 0.000000000000000000e+00 0.000000000000000000e+00 8.061203393677345008e-02 0.000000000000000000e+00 -8.061203393677356110e-02 0.000000000000000000e+00
1.000000000000000000e+00 2.014481159225698925e-01 -7.533737810281367075e-02 5.225639967635464789e-02 -2.016697921693341722e-01 2.907447409058992460e-01 4.347275845398868577e-01 -2.220446049250313081e-16 7.529702638747778343e-01 5.551115123125782702e-17 0.000000000000000000e+00 0.000000000000000000e+00 -3.554045805501305361e-02 0.000000000000000000e+00 3.554045805501306748e-02 2.775557561562891351e-17
